108,1
108,3
111,1
111,3
3,2
3,1
3,3
10,225
10,165
10,203
10,153
10,77
10,241
10,1
10,263
10,2
10,3
11,27
11,13
11,7
11,25
11,1
11,21
11,2
11,3
9,5
9,1
9,7
9,2
9,3
8,5
8,13
8,15
8,17
8,14
8,11
8,16
8,1
8,9
8,2
8,3
12,2
12,1
12,3
20,2
20,1
20,3
19,2
19,1
19,3
18,1
18,3
112,7
112,6
112,5
112,4
112,3
112,2
112,1
112,0
14,1
2,2
14,3
2,1
13,1
2,3
13,3
0,0
113,34
113,33
113,32
113,31
113,30
113,29
113,28
113,27
113,26
113,25
113,24
113,23
113,22
113,21
113,20
113,19
113,18
113,17
113,16
113,15
113,14
113,13
113,12
113,11
113,10
113,9
113,8
113,7
113,6
113,5
113,4
113,3
